6404
4302
4289
3889
3754
2844
1923
1816
1434
1301
1274
1238
1110
1103
1037
1027
998
926
922
864
806
747
732
610
595
578
578
578
565
564
556
533
526
522
516
500
498
497
492
492
492
490
478
473
472
472
470
462
456
453
453
452
451
448
448
443
440
439
438
438
435
433
433
432
432
432
432
432
429
426
423
423
423
422
413
408
404
403
402
401
398
386
384
384
383
381
381
378
378
377
374
372
372
371
370
360
347
346
344
341
324
313
312
304
297
274
264
264
254
254
254
253
252
238
220
219
218
215
215
209
199
199
193
192
189
186
182
180
176
175
165
162
152
144
141
137
137
134
134
129
125
121
113
110
106
89
88
83
80
71
69
65
64
60
59
59
54
51
48
47
47
44
44
43
36
33
33
32
30
30
30
29
29
28
27
26
25
23
20
20
20
19
19
19
17
16
15
15
14
14
14
14
12
12
12
12
11
10
10
10
7
7
7
7
7
5
5
5
5
5
5
5
5
4
4
3
3
2
2
2
1
1
0
0
0
0
0
0
0
0
0
0
0
0
0
0
0
0
0
0
0
0
0
0
0
